  -1.0000000e+00
  -1.0000000e+00
  -1.0000000e+00
  -1.0000000e+00
  -1.0000000e+00
  -9.9999999e-01
  -9.9999999e-01
  -9.9999999e-01
  -9.9999999e-01
  -9.9999999e-01
  -9.9999999e-01
  -9.9999999e-01
  -9.9999999e-01
  -9.9999999e-01
  -9.9999999e-01
  -9.9999999e-01
  -9.9999999e-01
  -9.9999999e-01
  -9.9999999e-01
  -9.9999999e-01
  -9.9999999e-01
  -9.9999999e-01
  -9.9999999e-01
  -9.9999999e-01
  -9.9999999e-01
  -9.9999999e-01
  -9.9999999e-01
  -9.9999999e-01
  -9.9999999e-01
  -9.9999999e-01
  -9.9999999e-01
  -9.9999999e-01
  -9.9999999e-01
  -9.9999998e-01
  -9.9999998e-01
  -9.9999998e-01
  -9.9999998e-01
  -9.9999998e-01
  -9.9999998e-01
  -9.9999998e-01
  -9.9999998e-01
  -9.9999998e-01
  -9.9999998e-01
  -9.9999998e-01
  -9.9999998e-01
  -9.9999998e-01
  -9.9999997e-01
  -9.9999997e-01
  -9.9999997e-01
  -9.9999997e-01
  -9.9999997e-01
  -9.9999997e-01
  -9.9999997e-01
  -9.9999997e-01
  -9.9999996e-01
  -9.9999996e-01
  -9.9999996e-01
  -9.9999996e-01
  -9.9999996e-01
  -9.9999996e-01
  -9.9999995e-01
  -9.9999995e-01
  -9.9999995e-01
  -9.9999995e-01
  -9.9999995e-01
  -9.9999994e-01
  -9.9999994e-01
  -9.9999994e-01
  -9.9999994e-01
  -9.9999993e-01
  -9.9999993e-01
  -9.9999993e-01
  -9.9999993e-01
  -9.9999992e-01
  -9.9999992e-01
  -9.9999992e-01
  -9.9999991e-01
  -9.9999991e-01
  -9.9999991e-01
  -9.9999990e-01
  -9.9999990e-01
  -9.9999989e-01
  -9.9999989e-01
  -9.9999989e-01
  -9.9999988e-01
  -9.9999988e-01
  -9.9999987e-01
  -9.9999987e-01
  -9.9999986e-01
  -9.9999985e-01
  -9.9999985e-01
  -9.9999984e-01
  -9.9999984e-01
  -9.9999983e-01
  -9.9999982e-01
  -9.9999982e-01
  -9.9999981e-01
  -9.9999980e-01
  -9.9999979e-01
  -9.9999978e-01
  -9.9999977e-01
  -9.9999976e-01
  -9.9999976e-01
  -9.9999975e-01
  -9.9999973e-01
  -9.9999972e-01
  -9.9999971e-01
  -9.9999970e-01
  -9.9999969e-01
  -9.9999968e-01
  -9.9999966e-01
  -9.9999965e-01
  -9.9999963e-01
  -9.9999962e-01
  -9.9999960e-01
  -9.9999959e-01
  -9.9999957e-01
  -9.9999955e-01
  -9.9999954e-01
  -9.9999952e-01
  -9.9999950e-01
  -9.9999948e-01
  -9.9999945e-01
  -9.9999943e-01
  -9.9999941e-01
  -9.9999939e-01
  -9.9999936e-01
  -9.9999933e-01
  -9.9999931e-01
  -9.9999928e-01
  -9.9999925e-01
  -9.9999922e-01
  -9.9999919e-01
  -9.9999915e-01
  -9.9999912e-01
  -9.9999908e-01
  -9.9999904e-01
  -9.9999901e-01
  -9.9999897e-01
  -9.9999892e-01
  -9.9999888e-01
  -9.9999883e-01
  -9.9999879e-01
  -9.9999874e-01
  -9.9999868e-01
  -9.9999863e-01
  -9.9999857e-01
  -9.9999852e-01
  -9.9999846e-01
  -9.9999839e-01
  -9.9999833e-01
  -9.9999826e-01
  -9.9999819e-01
  -9.9999811e-01
  -9.9999804e-01
  -9.9999796e-01
  -9.9999787e-01
  -9.9999779e-01
  -9.9999770e-01
  -9.9999760e-01
  -9.9999750e-01
  -9.9999740e-01
  -9.9999729e-01
  -9.9999718e-01
  -9.9999707e-01
  -9.9999695e-01
  -9.9999683e-01
  -9.9999670e-01
  -9.9999656e-01
  -9.9999642e-01
  -9.9999627e-01
  -9.9999612e-01
  -9.9999596e-01
  -9.9999580e-01
  -9.9999563e-01
  -9.9999545e-01
  -9.9999526e-01
  -9.9999507e-01
  -9.9999487e-01
  -9.9999466e-01
  -9.9999444e-01
  -9.9999421e-01
  -9.9999397e-01
  -9.9999373e-01
  -9.9999347e-01
  -9.9999321e-01
  -9.9999293e-01
  -9.9999264e-01
  -9.9999234e-01
  -9.9999203e-01
  -9.9999170e-01
  -9.9999136e-01
  -9.9999101e-01
  -9.9999064e-01
  -9.9999026e-01
  -9.9998986e-01
  -9.9998945e-01
  -9.9998901e-01
  -9.9998857e-01
  -9.9998810e-01
  -9.9998761e-01
  -9.9998711e-01
  -9.9998658e-01
  -9.9998603e-01
  -9.9998546e-01
  -9.9998487e-01
  -9.9998425e-01
  -9.9998361e-01
  -9.9998294e-01
  -9.9998224e-01
  -9.9998151e-01
  -9.9998076e-01
  -9.9997997e-01
  -9.9997915e-01
  -9.9997830e-01
  -9.9997742e-01
  -9.9997649e-01
  -9.9997553e-01
  -9.9997453e-01
  -9.9997349e-01
  -9.9997241e-01
  -9.9997128e-01
  -9.9997011e-01
  -9.9996889e-01
  -9.9996762e-01
  -9.9996629e-01
  -9.9996492e-01
  -9.9996348e-01
  -9.9996199e-01
  -9.9996044e-01
  -9.9995882e-01
  -9.9995714e-01
  -9.9995539e-01
  -9.9995357e-01
  -9.9995167e-01
  -9.9994970e-01
  -9.9994764e-01
  -9.9994550e-01
  -9.9994328e-01
  -9.9994096e-01
  -9.9993855e-01
  -9.9993604e-01
  -9.9993343e-01
  -9.9993071e-01
  -9.9992788e-01
  -9.9992493e-01
  -9.9992186e-01
  -9.9991867e-01
  -9.9991535e-01
  -9.9991189e-01
  -9.9990829e-01
  -9.9990454e-01
  -9.9990065e-01
  -9.9989659e-01
  -9.9989236e-01
  -9.9988796e-01
  -9.9988339e-01
  -9.9987862e-01
  -9.9987367e-01
  -9.9986851e-01
  -9.9986313e-01
  -9.9985754e-01
  -9.9985172e-01
  -9.9984567e-01
  -9.9983936e-01
  -9.9983280e-01
  -9.9982597e-01
  -9.9981886e-01
  -9.9981146e-01
  -9.9980376e-01
  -9.9979575e-01
  -9.9978740e-01
  -9.9977872e-01
  -9.9976968e-01
  -9.9976027e-01
  -9.9975048e-01
  -9.9974029e-01
  -9.9972968e-01
  -9.9971864e-01
  -9.9970714e-01
  -9.9969518e-01
  -9.9968273e-01
  -9.9966977e-01
  -9.9965628e-01
  -9.9964224e-01
  -9.9962763e-01
  -9.9961242e-01
  -9.9959659e-01
  -9.9958012e-01
  -9.9956297e-01
  -9.9954512e-01
  -9.9952654e-01
  -9.9950720e-01
  -9.9948707e-01
  -9.9946612e-01
  -9.9944432e-01
  -9.9942163e-01
  -9.9939801e-01
  -9.9937342e-01
  -9.9934783e-01
  -9.9932120e-01
  -9.9929348e-01
  -9.9926462e-01
  -9.9923459e-01
  -9.9920334e-01
  -9.9917081e-01
  -9.9913695e-01
  -9.9910170e-01
  -9.9906502e-01
  -9.9902684e-01
  -9.9898711e-01
  -9.9894575e-01
  -9.9890271e-01
  -9.9885791e-01
  -9.9881128e-01
  -9.9876274e-01
  -9.9871223e-01
  -9.9865966e-01
  -9.9860494e-01
  -9.9854799e-01
  -9.9848872e-01
  -9.9842703e-01
  -9.9836282e-01
  -9.9829599e-01
  -9.9822644e-01
  -9.9815405e-01
  -9.9807871e-01
  -9.9800030e-01
  -9.9791870e-01
  -9.9783376e-01
  -9.9774537e-01
  -9.9765337e-01
  -9.9755762e-01
  -9.9745797e-01
  -9.9735426e-01
  -9.9724632e-01
  -9.9713399e-01
  -9.9701708e-01
  -9.9689541e-01
  -9.9676878e-01
  -9.9663700e-01
  -9.9649985e-01
  -9.9635713e-01
  -9.9620859e-01
  -9.9605400e-01
  -9.9589313e-01
  -9.9572571e-01
  -9.9555149e-01
  -9.9537018e-01
  -9.9518149e-01
  -9.9498514e-01
  -9.9478080e-01
  -9.9456817e-01
  -9.9434689e-01
  -9.9411662e-01
  -9.9387701e-01
  -9.9362767e-01
  -9.9336821e-01
  -9.9309822e-01
  -9.9281727e-01
  -9.9252494e-01
  -9.9222075e-01
  -9.9190424e-01
  -9.9157490e-01
  -9.9123222e-01
  -9.9087567e-01
  -9.9050469e-01
  -9.9011870e-01
  -9.8971710e-01
  -9.8929926e-01
  -9.8886455e-01
  -9.8841227e-01
  -9.8794174e-01
  -9.8745222e-01
  -9.8694296e-01
  -9.8641317e-01
  -9.8586204e-01
  -9.8528872e-01
  -9.8469233e-01
  -9.8407195e-01
  -9.8342664e-01
  -9.8275542e-01
  -9.8205725e-01
  -9.8133109e-01
  -9.8057583e-01
  -9.7979032e-01
  -9.7897339e-01
  -9.7812379e-01
  -9.7724027e-01
  -9.7632148e-01
  -9.7536607e-01
  -9.7437261e-01
  -9.7333963e-01
  -9.7226559e-01
  -9.7114891e-01
  -9.6998796e-01
  -9.6878104e-01
  -9.6752637e-01
  -9.6622215e-01
  -9.6486648e-01
  -9.6345742e-01
  -9.6199293e-01
  -9.6047094e-01
  -9.5888928e-01
  -9.5724570e-01
  -9.5553792e-01
  -9.5376352e-01
  -9.5192006e-01
  -9.5000497e-01
  -9.4801564e-01
  -9.4594935e-01
  -9.4380329e-01
  -9.4157458e-01
  -9.3926025e-01
  -9.3685722e-01
  -9.3436234e-01
  -9.3177235e-01
  -9.2908392e-01
  -9.2629359e-01
  -9.2339783e-01
  -9.2039301e-01
  -9.1727538e-01
  -9.1404113e-01
  -9.1068632e-01
  -9.0720692e-01
  -9.0359881e-01
  -8.9985778e-01
  -8.9597950e-01
  -8.9195957e-01
  -8.8779348e-01
  -8.8347663e-01
  -8.7900435e-01
  -8.7437187e-01
  -8.6957434e-01
  -8.6460684e-01
  -8.5946435e-01
  -8.5414183e-01
  -8.4863414e-01
  -8.4293609e-01
  -8.3704244e-01
  -8.3094794e-01
  -8.2464726e-01
  -8.1813507e-01
  -8.1140603e-01
  -8.0445480e-01
  -7.9727603e-01
  -7.8986441e-01
  -7.8221465e-01
  -7.7432152e-01
  -7.6617986e-01
  -7.5778457e-01
  -7.4913066e-01
  -7.4021326e-01
  -7.3102763e-01
  -7.2156918e-01
  -7.1183348e-01
  -7.0181633e-01
  -6.9151371e-01
  -6.8092187e-01
  -6.7003730e-01
  -6.5885678e-01
  -6.4737742e-01
  -6.3559663e-01
  -6.2351220e-01
  -6.1112231e-01
  -5.9842553e-01
  -5.8542088e-01
  -5.7210782e-01
  -5.5848630e-01
  -5.4455678e-01
  -5.3032023e-01
  -5.1577818e-01
  -5.0093272e-01
  -4.8578653e-01
  -4.7034287e-01
  -4.5460564e-01
  -4.3857937e-01
  -4.2226921e-01
  -4.0568096e-01
  -3.8882110e-01
  -3.7169673e-01
  -3.5431563e-01
  -3.3668622e-01
  -3.1881756e-01
  -3.0071937e-01
  -2.8240197e-01
  -2.6387630e-01
  -2.4515389e-01
  -2.2624681e-01
  -2.0716770e-01
  -1.8792969e-01
  -1.6854639e-01
  -1.4903185e-01
  -1.2940054e-01
  -1.0966726e-01
  -8.9847148e-02
  -6.9955618e-02
  -5.0008300e-02
  -3.0021006e-02
  -1.0009676e-02
   1.0009676e-02
   3.0021006e-02
   5.0008300e-02
   6.9955618e-02
   8.9847148e-02
   1.0966726e-01
   1.2940054e-01
   1.4903185e-01
   1.6854639e-01
   1.8792969e-01
   2.0716770e-01
   2.2624681e-01
   2.4515389e-01
   2.6387630e-01
   2.8240197e-01
   3.0071937e-01
   3.1881756e-01
   3.3668622e-01
   3.5431563e-01
   3.7169673e-01
   3.8882110e-01
   4.0568096e-01
   4.2226921e-01
   4.3857937e-01
   4.5460564e-01
   4.7034287e-01
   4.8578653e-01
   5.0093272e-01
   5.1577818e-01
   5.3032023e-01
   5.4455678e-01
   5.5848630e-01
   5.7210782e-01
   5.8542088e-01
   5.9842553e-01
   6.1112231e-01
   6.2351220e-01
   6.3559663e-01
   6.4737742e-01
   6.5885678e-01
   6.7003730e-01
   6.8092187e-01
   6.9151371e-01
   7.0181633e-01
   7.1183348e-01
   7.2156918e-01
   7.3102763e-01
   7.4021326e-01
   7.4913066e-01
   7.5778457e-01
   7.6617986e-01
   7.7432152e-01
   7.8221465e-01
   7.8986441e-01
   7.9727603e-01
   8.0445480e-01
   8.1140603e-01
   8.1813507e-01
   8.2464726e-01
   8.3094794e-01
   8.3704244e-01
   8.4293609e-01
   8.4863414e-01
   8.5414183e-01
   8.5946435e-01
   8.6460684e-01
   8.6957434e-01
   8.7437187e-01
   8.7900435e-01
   8.8347663e-01
   8.8779348e-01
   8.9195957e-01
   8.9597950e-01
   8.9985778e-01
   9.0359881e-01
   9.0720692e-01
   9.1068632e-01
   9.1404113e-01
   9.1727538e-01
   9.2039301e-01
   9.2339783e-01
   9.2629359e-01
   9.2908392e-01
   9.3177235e-01
   9.3436234e-01
   9.3685722e-01
   9.3926025e-01
   9.4157458e-01
   9.4380329e-01
   9.4594935e-01
   9.4801564e-01
   9.5000497e-01
   9.5192006e-01
   9.5376352e-01
   9.5553792e-01
   9.5724570e-01
   9.5888928e-01
   9.6047094e-01
   9.6199293e-01
   9.6345742e-01
   9.6486648e-01
   9.6622215e-01
   9.6752637e-01
   9.6878104e-01
   9.6998796e-01
   9.7114891e-01
   9.7226559e-01
   9.7333963e-01
   9.7437261e-01
   9.7536607e-01
   9.7632148e-01
   9.7724027e-01
   9.7812379e-01
   9.7897339e-01
   9.7979032e-01
   9.8057583e-01
   9.8133109e-01
   9.8205725e-01
   9.8275542e-01
   9.8342664e-01
   9.8407195e-01
   9.8469233e-01
   9.8528872e-01
   9.8586204e-01
   9.8641317e-01
   9.8694296e-01
   9.8745222e-01
   9.8794174e-01
   9.8841227e-01
   9.8886455e-01
   9.8929926e-01
   9.8971710e-01
   9.9011870e-01
   9.9050469e-01
   9.9087567e-01
   9.9123222e-01
   9.9157490e-01
   9.9190424e-01
   9.9222075e-01
   9.9252494e-01
   9.9281727e-01
   9.9309822e-01
   9.9336821e-01
   9.9362767e-01
   9.9387701e-01
   9.9411662e-01
   9.9434689e-01
   9.9456817e-01
   9.9478080e-01
   9.9498514e-01
   9.9518149e-01
   9.9537018e-01
   9.9555149e-01
   9.9572571e-01
   9.9589313e-01
   9.9605400e-01
   9.9620859e-01
   9.9635713e-01
   9.9649985e-01
   9.9663700e-01
   9.9676878e-01
   9.9689541e-01
   9.9701708e-01
   9.9713399e-01
   9.9724632e-01
   9.9735426e-01
   9.9745797e-01
   9.9755762e-01
   9.9765337e-01
   9.9774537e-01
   9.9783376e-01
   9.9791870e-01
   9.9800030e-01
   9.9807871e-01
   9.9815405e-01
   9.9822644e-01
   9.9829599e-01
   9.9836282e-01
   9.9842703e-01
   9.9848872e-01
   9.9854799e-01
   9.9860494e-01
   9.9865966e-01
   9.9871223e-01
   9.9876274e-01
   9.9881128e-01
   9.9885791e-01
   9.9890271e-01
   9.9894575e-01
   9.9898711e-01
   9.9902684e-01
   9.9906502e-01
   9.9910170e-01
   9.9913695e-01
   9.9917081e-01
   9.9920334e-01
   9.9923459e-01
   9.9926462e-01
   9.9929348e-01
   9.9932120e-01
   9.9934783e-01
   9.9937342e-01
   9.9939801e-01
   9.9942163e-01
   9.9944432e-01
   9.9946612e-01
   9.9948707e-01
   9.9950720e-01
   9.9952654e-01
   9.9954512e-01
   9.9956297e-01
   9.9958012e-01
   9.9959659e-01
   9.9961242e-01
   9.9962763e-01
   9.9964224e-01
   9.9965628e-01
   9.9966977e-01
   9.9968273e-01
   9.9969518e-01
   9.9970714e-01
   9.9971864e-01
   9.9972968e-01
   9.9974029e-01
   9.9975048e-01
   9.9976027e-01
   9.9976968e-01
   9.9977872e-01
   9.9978740e-01
   9.9979575e-01
   9.9980376e-01
   9.9981146e-01
   9.9981886e-01
   9.9982597e-01
   9.9983280e-01
   9.9983936e-01
   9.9984567e-01
   9.9985172e-01
   9.9985754e-01
   9.9986313e-01
   9.9986851e-01
   9.9987367e-01
   9.9987862e-01
   9.9988339e-01
   9.9988796e-01
   9.9989236e-01
   9.9989659e-01
   9.9990065e-01
   9.9990454e-01
   9.9990829e-01
   9.9991189e-01
   9.9991535e-01
   9.9991867e-01
   9.9992186e-01
   9.9992493e-01
   9.9992788e-01
   9.9993071e-01
   9.9993343e-01
   9.9993604e-01
   9.9993855e-01
   9.9994096e-01
   9.9994328e-01
   9.9994550e-01
   9.9994764e-01
   9.9994970e-01
   9.9995167e-01
   9.9995357e-01
   9.9995539e-01
   9.9995714e-01
   9.9995882e-01
   9.9996044e-01
   9.9996199e-01
   9.9996348e-01
   9.9996492e-01
   9.9996629e-01
   9.9996762e-01
   9.9996889e-01
   9.9997011e-01
   9.9997128e-01
   9.9997241e-01
   9.9997349e-01
   9.9997453e-01
   9.9997553e-01
   9.9997649e-01
   9.9997742e-01
   9.9997830e-01
   9.9997915e-01
   9.9997997e-01
   9.9998076e-01
   9.9998151e-01
   9.9998224e-01
   9.9998294e-01
   9.9998361e-01
   9.9998425e-01
   9.9998487e-01
   9.9998546e-01
   9.9998603e-01
   9.9998658e-01
   9.9998711e-01
   9.9998761e-01
   9.9998810e-01
   9.9998857e-01
   9.9998901e-01
   9.9998945e-01
   9.9998986e-01
   9.9999026e-01
   9.9999064e-01
   9.9999101e-01
   9.9999136e-01
   9.9999170e-01
   9.9999203e-01
   9.9999234e-01
   9.9999264e-01
   9.9999293e-01
   9.9999321e-01
   9.9999347e-01
   9.9999373e-01
   9.9999397e-01
   9.9999421e-01
   9.9999444e-01
   9.9999466e-01
   9.9999487e-01
   9.9999507e-01
   9.9999526e-01
   9.9999545e-01
   9.9999563e-01
   9.9999580e-01
   9.9999596e-01
   9.9999612e-01
   9.9999627e-01
   9.9999642e-01
   9.9999656e-01
   9.9999670e-01
   9.9999683e-01
   9.9999695e-01
   9.9999707e-01
   9.9999718e-01
   9.9999729e-01
   9.9999740e-01
   9.9999750e-01
   9.9999760e-01
   9.9999770e-01
   9.9999779e-01
   9.9999787e-01
   9.9999796e-01
   9.9999804e-01
   9.9999811e-01
   9.9999819e-01
   9.9999826e-01
   9.9999833e-01
   9.9999839e-01
   9.9999846e-01
   9.9999852e-01
   9.9999857e-01
   9.9999863e-01
   9.9999868e-01
   9.9999874e-01
   9.9999879e-01
   9.9999883e-01
   9.9999888e-01
   9.9999892e-01
   9.9999897e-01
   9.9999901e-01
   9.9999904e-01
   9.9999908e-01
   9.9999912e-01
   9.9999915e-01
   9.9999919e-01
   9.9999922e-01
   9.9999925e-01
   9.9999928e-01
   9.9999931e-01
   9.9999933e-01
   9.9999936e-01
   9.9999939e-01
   9.9999941e-01
   9.9999943e-01
   9.9999945e-01
   9.9999948e-01
   9.9999950e-01
   9.9999952e-01
   9.9999954e-01
   9.9999955e-01
   9.9999957e-01
   9.9999959e-01
   9.9999960e-01
   9.9999962e-01
   9.9999963e-01
   9.9999965e-01
   9.9999966e-01
   9.9999968e-01
   9.9999969e-01
   9.9999970e-01
   9.9999971e-01
   9.9999972e-01
   9.9999973e-01
   9.9999975e-01
   9.9999976e-01
   9.9999976e-01
   9.9999977e-01
   9.9999978e-01
   9.9999979e-01
   9.9999980e-01
   9.9999981e-01
   9.9999982e-01
   9.9999982e-01
   9.9999983e-01
   9.9999984e-01
   9.9999984e-01
   9.9999985e-01
   9.9999985e-01
   9.9999986e-01
   9.9999987e-01
   9.9999987e-01
   9.9999988e-01
   9.9999988e-01
   9.9999989e-01
   9.9999989e-01
   9.9999989e-01
   9.9999990e-01
   9.9999990e-01
   9.9999991e-01
   9.9999991e-01
   9.9999991e-01
   9.9999992e-01
   9.9999992e-01
   9.9999992e-01
   9.9999993e-01
   9.9999993e-01
   9.9999993e-01
   9.9999993e-01
   9.9999994e-01
   9.9999994e-01
   9.9999994e-01
   9.9999994e-01
   9.9999995e-01
   9.9999995e-01
   9.9999995e-01
   9.9999995e-01
   9.9999995e-01
   9.9999996e-01
   9.9999996e-01
   9.9999996e-01
   9.9999996e-01
   9.9999996e-01
   9.9999996e-01
   9.9999997e-01
   9.9999997e-01
   9.9999997e-01
   9.9999997e-01
   9.9999997e-01
   9.9999997e-01
   9.9999997e-01
   9.9999997e-01
   9.9999998e-01
   9.9999998e-01
   9.9999998e-01
   9.9999998e-01
   9.9999998e-01
   9.9999998e-01
   9.9999998e-01
   9.9999998e-01
   9.9999998e-01
   9.9999998e-01
   9.9999998e-01
   9.9999998e-01
   9.9999998e-01
   9.9999999e-01
   9.9999999e-01
   9.9999999e-01
   9.9999999e-01
   9.9999999e-01
   9.9999999e-01
   9.9999999e-01
   9.9999999e-01
   9.9999999e-01
   9.9999999e-01
   9.9999999e-01
   9.9999999e-01
   9.9999999e-01
   9.9999999e-01
   9.9999999e-01
   9.9999999e-01
   9.9999999e-01
   9.9999999e-01
   9.9999999e-01
   9.9999999e-01
   9.9999999e-01
   9.9999999e-01
   9.9999999e-01
   9.9999999e-01
   9.9999999e-01
   9.9999999e-01
   9.9999999e-01
   9.9999999e-01
   1.0000000e+00
   1.0000000e+00
   1.0000000e+00
   1.0000000e+00
   1.0000000e+00
